0.22252391581632652
3.7995406857531626
7.0360422134399414
10.471773147583008
13.669761657714844
17.291604177816655
20.698928263701006
24.134846631047946
27.569583892822266
31.047930531274705
34.504013061523438
37.983348243004073
41.205780029296875
44.637210845947266
48.004756927490234
51.657297449090315
54.905132293701172
58.405258178710938
61.905941009521484
65.140708923339844
68.74126084377437
72.046474664043672
75.405860900878906
78.707878112792969
82.173385620117188
85.63922119140625
89.147033212536314
92.587898254394531
95.995600062779019
99.440742492675781
102.87318420410156
106.20779418945312
109.54082489013672
113.12980651855469
116.67415973758482
119.97895050048828
123.37691497802734
127.03989026404832
130.11051940917969
133.64212036132812
137.19410896699173
140.31001281738281
143.77586364746094
147.30995178222656
150.82006316931069
154.21052551269531
157.52854919433594
160.9029541015625
164.32817077636719
167.69837951660156
171.12959289550781
174.46559143066406
178.0303955078125
181.43186950683594
185.03987272855105
188.23338317871094
191.63720703125
195.03286743164062
198.531005859375
201.96430969238281
205.33088684082031
209.11591787463684
212.19789123535156
215.63174438476562
219.06808471679688
222.93489531571092
226.0340576171875
229.4109709862949
232.87832076645762
236.24310754477571
239.76966704422654
243.13314819335938