3.5527038624821876
6.7897243499755859
10.120284080505371
13.02438204417153
16.532216245560416
20.189718246459961
23.833826400038877
27.120822906494141
30.557437896728516
34.347940168315859
37.453853607177734
40.930545806884766
44.355152130126953
47.755783081054688
51.355300903320312
54.655136108398438
58.069938389784625
61.681661136480145
64.889373779296875
68.296195983886719
71.790390014648438
75.121803283691406
78.422035217285156
81.889884948730469
85.324531555175781
88.78506755110898
92.29095458984375
95.689712524414062
99.208450317382812
102.65780639648438
106.05876159667969
109.3245849609375
112.82666015625
116.26206207275391
119.69345855712891
123.09249877929688
126.49671173095703
129.82675170898438
133.32754516601562
136.62763977050781
140.02911376953125
143.46383666992188
146.999755859375
150.19725036621094
153.47332955635054
156.80277345687622
160.64674377441406
163.75163313746719
167.28994750976562
170.71803283691406
174.04618835449219
177.51986694335938
180.94961547851562
184.34938049316406
187.90419254501933
191.18077087402344
194.64808654785156
198.18318176269531
201.6837158203125
204.95079040527344
208.4176025390625
211.65000915527344
215.15557861328125
218.68424987792969
222.09205627441406
225.54320615046149
228.81816101074219
232.51931762695312
235.9449760066787
239.55983090078479
242.77888464272428
249.85261535644531