4.0105503670050178
7.1332898139953613
10.465421676635742
12.76544770705727
17.334619522094727
20.766592025756836
23.96613883972168
27.500556945800781
30.069677722264846
34.332538604736328
37.567058563232422
39.332160949707031
40.910961151123047
44.23272705078125
47.533229827880859
50.668014655080782
54.50201416015625
57.835628509521484
61.200794219970703
64.471595764160156
66.210411071777344
67.76837158203125
71.368362426757812
74.000261525956418
78.1690673828125
79.87158203125
81.541519165039062
84.935165405273438
88.145866956645946
91.635894775390625
93.428079434695434
94.558770419097002
95.369641066916657
98.472434997558594
101.30533692444266
105.16961669921875
107.30411948621408
108.90300750732422
112.2022705078125
115.33661651611328
118.63592529296875
122.37369537353516
125.60453033447266
128.93727111816406
132.23805236816406
135.80587768554688
139.1506561113215
142.47306823730469
145.17696717277406
147.607421875
149.77363586425781
159.64247131347656