0.92558778092434058
4.1034301855991213
7.3133368492126465
10.778649040014567
14.215726852416992
17.614252090454102
21.157577097540269
24.213922500610352
27.841550802979068
31.181385040283203
34.583049774169922
37.816669464111328
39.582775115966797
41.230141565578052
44.519187927246094
47.915269983339201
51.149589538574219
54.750873565673828
58.084190368652344
61.483852386474609
64.80160338801862
66.488456726074219
68.221143464587968
71.563424084721774
74.951263427734375
78.45404052734375
80.120338439941406
81.785774230957031
85.218460083007812
88.440866868068838
91.919319152832031
93.596184610725814
94.729040337041383
95.483452088232752
98.754425048828125
102.08513641357422
105.41897583007812
107.43054805764265
109.15276336669922
112.48806762695312
115.625244140625
118.92128753662109
122.65409088134766
125.89068603515625
129.25624084472656
132.52139282226562
136.0997037303691
139.454833984375
142.75421142578125
146.15505981445312
147.89067077636719
150.08901977539062