0.72039229691434048
2.8943317201186205
5.2341480255126953
7.6013250350952148
10.254852716874101
12.471466064453125
15.106082903284605
17.460369113913465
19.637474060058594
22.004711151123047
24.402359008789062
26.66917610168457
29.169778823852539
34.0704345703125
36.477699279785156
38.998379924540615
43.636295318603516
46.069576263427734
48.692083420180417
53.081462860107422
55.424863344222771
58.047351837158203
60.515922546386719
62.91473388671875
65.075055272108841
67.716392517089844
70.08349609375
72.450637817382812
74.72432077974419
77.382949829101562
79.705079304182604
82.052871704101562
87.24297028902707
89.187093994417438
91.761795043945312
96.538543225070001
98.983840942382812
101.3511962890625
105.91713714599609
108.58598327636719
110.9520263671875
113.70053449496663
115.7197265625
117.12751730159837
118.17421475780253
119.35087585449219
120.61923217773438
121.75222015380859
122.98509979248047
124.08036681506098
125.41741943359375
130.21824645996094
132.460693359375
135.02006530761719
137.28558349609375
139.71244980446605
142.18644714355469
144.55287170410156
146.92064300329505
149.32064819335938
154.15435791015625
156.75399780273438
158.986572265625
163.85317993164062
166.07727352081784
168.35385131835938
173.31919348476694