1.6887483059846355
4.9815454483032227
7.319643497467041
9.7590417861938477
10.998582964181358
14.431921202211967
16.869336871538572
18.392614011872649
21.756586074829102
24.120096206665039
26.527450561523438
28.79694282272235
33.769343445793034
36.146120875006098
38.554904937744141
40.285660227734489
45.790790557861328
48.253940582275391
49.754833956348662
55.33198358583342
57.797721862792969
60.110165662354625
62.633125779201656
64.966468811035156
67.475921630859375
69.832099914550781
72.199745178222656
74.599456787109375
77.067169189453125
79.471221923828125
81.734534997918445
86.566558837890625
88.431639841646287
90.214350230245088
96.266876220703125
98.698600769042969
101.06794738769531
105.42880404725366
108.30352020263672
110.63496398925781
113.06907653808594
115.02715386284723
117.03463745117188
117.90534973144531
118.99212832427079
120.40862292023743
121.53455352783203
122.70155334472656
123.83609008789062
125.14032745361328
129.90237426757812
132.2017822265625
134.73545837402344
137.11924411765031
139.53727722167969
141.93696594238281
144.27003479003906
146.67059326171875
148.72715093980304
153.87928771972656
156.47109985351562
158.66990661621094
163.50521850585938
165.87149047851562
167.85043687470105
173.14007568359375
176.70713806152344