4.0844266513902312
7.3614797592163086
10.462628364562988
13.796274185180664
16.902904510498047
20.204701383422023
23.464010238647461
26.561901092529297
29.697759628295898
33.060563860696455
36.129104614257812
39.297523498535156
42.463268280029297
46.055207961378727
49.139099549793059
52.098781585693359
55.265098571777344
58.598255157470703
61.730445861816406
64.931800842285156
68.164199829101562
71.200729370117188
74.788819696335565
77.699714660644531
80.802742004394531
84.134162902832031
87.57222948831226
90.471603393554688
93.507186889648438
96.651153125719688
99.930626325196414
103.47279176949914
106.47330474853516
109.83881378173828
112.90815734863281
116.10797882080078
119.37898377433656
122.60661315917969
125.77397918701172
128.97427368164062
132.16102903751019
135.44085517727598
138.57504272460938
141.80844116210938
144.91143798828125
148.2111539146095
151.2742919921875
154.53596364685197
157.71219748291568
160.94479370117188
164.14405822753906
167.27545166015625
170.71237182617188
173.78272525847905
176.87619018554688
180.17662048339844
183.27616882324219
186.49615478515625
189.91113824199928
193.06290466585398
196.04519653320312
199.27777099609375
202.44541931152344
205.67805480957031
208.81182861328125
212.14610290527344
215.21250915527344
218.10316619388641
221.58091735839844
224.97407525233402
227.98243713378906
231.17977905273438
234.38099670410156
237.85681977771577
240.84904479980469
244.12121085999505
247.18107604980469
250.34857177734375