6.9189528144784527
10.221327781677246
13.54705810546875
16.387697219848633
19.713241577148438
23.018238532656717
26.279403686523438
29.446739196777344
32.682186126708984
34.716518141904388
39.012077331542969
42.216709136962891
45.549102783203125
46.626670546412733
51.766774714809429
55.014640808105469
58.316474914550781
61.484481811523438
64.648567199707031
67.884773254394531
70.948883056640625
74.281059265136719
77.606834860734665
80.637958402395796
83.849151611328125
85.722429950740064
90.287704467773438
92.711962094815135
96.558273315429688
99.578852955651683
103.29819993276445
106.16005706787109
109.52649688720703
112.62310791015625
115.79117584228516
118.95838928222656
122.29070281982422
125.45805358886719
128.65899658203125
131.79249572753906
135.09271240234375
138.10646742217392
141.2179244586832
144.62715148925781
147.64974515677039
149.63017894649724
154.19373035249259
157.36309814453125
160.08792310649847
163.82762145996094
167.0928955078125
170.39422607421875
173.39509582519531
176.62918090820312
179.86231994628906
182.99449157714844
186.16131591796875
189.42948913574219
192.1911150887764
195.73100280761719
198.3795635100557
202.12881469726562
205.36372375488281
208.56205749511719
211.83175659179688
214.96530151367188
217.95265598980478
221.32881164550781
224.80550382376256
227.66508483886719
230.92941284179688
234.06327819824219
237.76393995912167
240.52996826171875
243.63243103027344
245.82549301043659
250.06431579589844
259.0980224609375