3.9061563014984131
6.5108252056926288
11.640892028808594
15.274835586547852
19.174829483032227
23.206567764282227
27.078989028930664
29.108240127563477
31.006656646728516
33.175949096679688
34.939723968505859
38.680423736572266
40.641796112060547
42.540962219238281
44.575878143310547
48.512828826904297
50.472073083648333
54.141578674316406
56.043866750842589
60.011911321800042
61.877548217773438
63.875625610351562
65.863190614868998
69.641799926757812
73.144923642389898
77.377975463867188
78.698692453950983
81.262927342282936
82.391631690477297
82.957896076643536
85.127822875976562
88.9921875
90.929336547851562
92.992134094238281
95.025543212890625
96.702239621393801
100.62509155273438
102.59687042236328
104.47889709472656
106.89757537841797
110.45869445800781
112.25858306884766
116.05835723876953
119.86024475097656
123.92543029785156
125.0231412068408
131.54801728056131
135.56153869628906
138.39623331428928
139.69257768073049
143.1627197265625
144.64540712802048
147.13156551577336
149.01342492620421
151.04163775870046
154.76161193847656
158.66120910644531
160.63002014160156
162.70294189453125
164.59761047363281
166.32879638671875
176.10797119140625