0.28874822845804987
4.0449521898196128
7.8562326431274414
11.888838768005371
15.555515289306641
19.781195869186295
23.390192031860352
27.391632080078125
29.257722854614258
31.623652793382572
33.487931276005682
35.323024749755859
38.994068145751953
40.757514953613281
43.023249065719227
45.026583102133266
48.691486358642578
50.564952902242439
54.390495300292969
58.059883117675781
60.198543974861266
62.059864044189453
64.057647705078125
66.026947021484375
70.039491148795136
73.587297420717945
77.857660619342141
79.133899764495638
81.524559818189971
82.584630681943992
83.195877936053975
85.344284057617188
89.246070861816406
91.141792297363281
93.273963928222656
95.34283447265625
97.077827453613281
100.90782928466797
102.91022491455078
104.74189758300781
107.17732238769531
110.77744293212891
112.54647827148438
116.37635803222656
120.17661557636563
124.16948989279958
125.31520016763214
131.81015014648438
135.8101806640625
138.94604697990849
139.92441671981294
143.44961347722682
145.37913513183594
147.22444533436746
149.16047861804228
151.19214796278209
155.04434204101562
158.97857666015625
160.91104125976562
162.89770630713224
164.76029940166171
166.58383178710938